+-------+-----+-----+-----+-----+-----+--------+--------------------+--------+--------+---------+--------+--------+--------+--------+--------+-------------+-------------+-------------+-------------+
| COUNT | 1XX | 2XX | 3XX | 4XX | 5XX | METHOD |        URI         |  MIN   |  MAX   |   SUM   |  AVG   |  P90   |  P95   |  P99   | STDDEV |  MIN(BODY)  |  MAX(BODY)  |  SUM(BODY)  |  AVG(BODY)  |
+-------+-----+-----+-----+-----+-----+--------+--------------------+--------+--------+---------+--------+--------+--------+--------+--------+-------------+-------------+-------------+-------------+
| 61    | 0   | 7   | 0   | 54  | 0   | GET    | /                  | 1.256  | 10.008 | 546.231 | 8.955  | 10.008 | 10.008 | 10.008 | 2.769  | 0.000       | 6061.000    | 41177.000   | 675.033     |
| 1     | 0   | 0   | 0   | 1   | 0   | GET    | /@kellie           | 10.000 | 10.000 | 10.000  | 10.000 | 10.000 | 10.000 | 10.000 | 0.000  | 0.000       | 0.000       | 0.000       | 0.000       |
| 1     | 0   | 0   | 0   | 1   | 0   | GET    | /@lily             | 10.000 | 10.000 | 10.000  | 10.000 | 10.000 | 10.000 | 10.000 | 0.000  | 0.000       | 0.000       | 0.000       | 0.000       |
| 1     | 0   | 0   | 0   | 1   | 0   | GET    | /@kathleen         | 10.000 | 10.000 | 10.000  | 10.000 | 10.000 | 10.000 | 10.000 | 0.000  | 0.000       | 0.000       | 0.000       | 0.000       |
| 1     | 0   | 0   | 0   | 1   | 0   | GET    | /@rosalinda        | 10.000 | 10.000 | 10.000  | 10.000 | 10.000 | 10.000 | 10.000 | 0.000  | 0.000       | 0.000       | 0.000       | 0.000       |
| 1     | 0   | 0   | 0   | 1   | 0   | GET    | /@doris            | 10.000 | 10.000 | 10.000  | 10.000 | 10.000 | 10.000 | 10.000 | 0.000  | 0.000       | 0.000       | 0.000       | 0.000       |
| 1     | 0   | 0   | 0   | 1   | 0   | GET    | /@lesley           | 10.000 | 10.000 | 10.000  | 10.000 | 10.000 | 10.000 | 10.000 | 0.000  | 0.000       | 0.000       | 0.000       | 0.000       |
| 1     | 0   | 0   | 0   | 1   | 0   | GET    | /@may              | 10.000 | 10.000 | 10.000  | 10.000 | 10.000 | 10.000 | 10.000 | 0.000  | 0.000       | 0.000       | 0.000       | 0.000       |
| 1     | 0   | 0   | 0   | 1   | 0   | GET    | /@olga             | 10.000 | 10.000 | 10.000  | 10.000 | 10.000 | 10.000 | 10.000 | 0.000  | 0.000       | 0.000       | 0.000       | 0.000       |
| 1     | 0   | 0   | 0   | 1   | 0   | GET    | /@luann            | 9.999  | 9.999  | 9.999   | 9.999  | 9.999  | 9.999  | 9.999  | 0.000  | 0.000       | 0.000       | 0.000       | 0.000       |
| 1     | 0   | 1   | 0   | 0   | 0   | GET    | /@guadalupe        | 9.472  | 9.472  | 9.472   | 9.472  | 9.472  | 9.472  | 9.472  | 0.000  | 4058.000    | 4058.000    | 4058.000    | 4058.000    |
| 1     | 0   | 1   | 0   | 0   | 0   | GET    | /@alma             | 8.751  | 8.751  | 8.751   | 8.751  | 8.751  | 8.751  | 8.751  | 0.000  | 2543.000    | 2543.000    | 2543.000    | 2543.000    |
| 1     | 0   | 1   | 0   | 0   | 0   | GET    | /@robyn            | 8.436  | 8.436  | 8.436   | 8.436  | 8.436  | 8.436  | 8.436  | 0.000  | 3549.000    | 3549.000    | 3549.000    | 3549.000    |
| 58    | 0   | 0   | 58  | 0   | 0   | POST   | /login             | 0.016  | 0.424  | 4.152   | 0.072  | 0.144  | 0.384  | 0.424  | 0.099  | 0.000       | 0.000       | 0.000       | 0.000       |
| 1     | 0   | 1   | 0   | 0   | 0   | GET    | /posts/8700        | 1.308  | 1.308  | 1.308   | 1.308  | 1.308  | 1.308  | 1.308  | 0.000  | 1525.000    | 1525.000    | 1525.000    | 1525.000    |
| 1     | 0   | 1   | 0   | 0   | 0   | GET    | /posts/8520        | 1.096  | 1.096  | 1.096   | 1.096  | 1.096  | 1.096  | 1.096  | 0.000  | 1431.000    | 1431.000    | 1431.000    | 1431.000    |
| 1     | 0   | 1   | 0   | 0   | 0   | GET    | /posts/9990        | 0.744  | 0.744  | 0.744   | 0.744  | 0.744  | 0.744  | 0.744  | 0.000  | 1328.000    | 1328.000    | 1328.000    | 1328.000    |
| 1     | 0   | 1   | 0   | 0   | 0   | GET    | /posts/8967        | 0.676  | 0.676  | 0.676   | 0.676  | 0.676  | 0.676  | 0.676  | 0.000  | 1511.000    | 1511.000    | 1511.000    | 1511.000    |
| 1     | 0   | 1   | 0   | 0   | 0   | GET    | /posts/9430        | 0.640  | 0.640  | 0.640   | 0.640  | 0.640  | 0.640  | 0.640  | 0.000  | 1390.000    | 1390.000    | 1390.000    | 1390.000    |
| 1     | 0   | 1   | 0   | 0   | 0   | GET    | /@erma             | 0.604  | 0.604  | 0.604   | 0.604  | 0.604  | 0.604  | 0.604  | 0.000  | 3141.000    | 3141.000    | 3141.000    | 3141.000    |
| 4     | 0   | 0   | 4   | 0   | 0   | POST   | /register          | 0.012  | 0.132  | 0.300   | 0.075  | 0.132  | 0.132  | 0.132  | 0.049  | 0.000       | 0.000       | 0.000       | 0.000       |
| 1     | 0   | 1   | 0   | 0   | 0   | GET    | /posts/7797        | 0.060  | 0.060  | 0.060   | 0.060  | 0.060  | 0.060  | 0.060  | 0.000  | 1105.000    | 1105.000    | 1105.000    | 1105.000    |
| 1     | 0   | 1   | 0   | 0   | 0   | GET    | /posts/10015       | 0.056  | 0.056  | 0.056   | 0.056  | 0.056  | 0.056  | 0.056  | 0.000  | 789.000     | 789.000     | 789.000     | 789.000     |
| 1     | 0   | 1   | 0   | 0   | 0   | GET    | /initialize        | 0.036  | 0.036  | 0.036   | 0.036  | 0.036  | 0.036  | 0.036  | 0.000  | 0.000       | 0.000       | 0.000       | 0.000       |
| 26    | 0   | 26  | 0   | 0   | 0   | GET    | /login             | 0.000  | 0.004  | 0.020   | 0.001  | 0.004  | 0.004  | 0.004  | 0.002  | 615.000     | 615.000     | 15990.000   | 615.000     |
| 2     | 0   | 2   | 0   | 0   | 0   | GET    | /image/9430.png    | 0.004  | 0.008  | 0.012   | 0.006  | 0.008  | 0.008  | 0.008  | 0.002  | 976093.000  | 977011.000  | 1953104.000 | 976552.000  |
| 2     | 0   | 2   | 0   | 0   | 0   | GET    | /image/10000.png   | 0.004  | 0.004  | 0.008   | 0.004  | 0.004  | 0.004  | 0.004  | 0.000  | 1056874.000 | 1057243.000 | 2114117.000 | 1057058.500 |
| 1     | 0   | 0   | 1   | 0   | 0   | POST   | /comment           | 0.008  | 0.008  | 0.008   | 0.008  | 0.008  | 0.008  | 0.008  | 0.000  | 0.000       | 0.000       | 0.000       | 0.000       |
| 10    | 0   | 10  | 0   | 0   | 0   | GET    | /favicon.ico       | 0.000  | 0.004  | 0.008   | 0.001  | 0.004  | 0.004  | 0.004  | 0.002  | 43.000      | 43.000      | 430.000     | 43.000      |
| 1     | 0   | 1   | 0   | 0   | 0   | GET    | /image/3884.png    | 0.008  | 0.008  | 0.008   | 0.008  | 0.008  | 0.008  | 0.008  | 0.000  | 865104.000  | 865104.000  | 865104.000  | 865104.000  |
| 3     | 0   | 3   | 0   | 0   | 0   | GET    | /image/10015.jpg   | 0.000  | 0.004  | 0.008   | 0.003  | 0.004  | 0.004  | 0.004  | 0.002  | 101538.000  | 101562.000  | 304639.000  | 101546.333  |
| 2     | 0   | 2   | 0   | 0   | 0   | GET    | /image/8520.jpg    | 0.004  | 0.004  | 0.008   | 0.004  | 0.004  | 0.004  | 0.004  | 0.000  | 100275.000  | 100282.000  | 200557.000  | 100278.500  |
| 2     | 0   | 0   | 1   | 1   | 0   | POST   | /                  | 0.000  | 0.008  | 0.008   | 0.004  | 0.008  | 0.008  | 0.008  | 0.004  | 0.000       | 0.000       | 0.000       | 0.000       |
| 10    | 0   | 10  | 0   | 0   | 0   | GET    | /js/main.js        | 0.000  | 0.004  | 0.008   | 0.001  | 0.004  | 0.004  | 0.004  | 0.002  | 1824.000    | 1824.000    | 18240.000   | 1824.000    |
| 1     | 0   | 1   | 0   | 0   | 0   | GET    | /image/7456.jpg    | 0.004  | 0.004  | 0.004   | 0.004  | 0.004  | 0.004  | 0.004  | 0.000  | 147385.000  | 147385.000  | 147385.000  | 147385.000  |
| 2     | 0   | 2   | 0   | 0   | 0   | GET    | /image/8700.jpg    | 0.000  | 0.004  | 0.004   | 0.002  | 0.004  | 0.004  | 0.004  | 0.002  | 72640.000   | 72678.000   | 145318.000  | 72659.000   |
| 1     | 0   | 0   | 0   | 1   | 0   | GET    | /admin/banned      | 0.004  | 0.004  | 0.004   | 0.004  | 0.004  | 0.004  | 0.004  | 0.000  | 0.000       | 0.000       | 0.000       | 0.000       |
| 2     | 0   | 2   | 0   | 0   | 0   | GET    | /image/9995.jpg    | 0.004  | 0.004  | 0.004   | 0.002  | 0.004  | 0.004  | 0.004  | 0.002  | 123503.000  | 123511.000  | 247014.000  | 123507.000  |
| 2     | 0   | 2   | 0   | 0   | 0   | GET    | /image/8967.jpg    | 0.000  | 0.004  | 0.004   | 0.002  | 0.004  | 0.004  | 0.004  | 0.002  | 163089.000  | 163089.000  | 326178.000  | 163089.000  |
| 2     | 0   | 2   | 0   | 0   | 0   | GET    | /image/9994.jpg    | 0.000  | 0.004  | 0.004   | 0.002  | 0.004  | 0.004  | 0.004  | 0.002  | 105239.000  | 105246.000  | 210485.000  | 105242.500  |
| 1     | 0   | 1   | 0   | 0   | 0   | GET    | /image/8390.jpg    | 0.004  | 0.004  | 0.004   | 0.004  | 0.004  | 0.004  | 0.004  | 0.000  | 129947.000  | 129947.000  | 129947.000  | 129947.000  |
| 1     | 0   | 1   | 0   | 0   | 0   | GET    | /image/7928.jpg    | 0.004  | 0.004  | 0.004   | 0.004  | 0.004  | 0.004  | 0.004  | 0.000  | 100498.000  | 100498.000  | 100498.000  | 100498.000  |
| 1     | 0   | 1   | 0   | 0   | 0   | GET    | /image/3077.jpg    | 0.004  | 0.004  | 0.004   | 0.004  | 0.004  | 0.004  | 0.004  | 0.000  | 107869.000  | 107869.000  | 107869.000  | 107869.000  |
| 1     | 0   | 1   | 0   | 0   | 0   | GET    | /image/5794.jpg    | 0.004  | 0.004  | 0.004   | 0.004  | 0.004  | 0.004  | 0.004  | 0.000  | 104973.000  | 104973.000  | 104973.000  | 104973.000  |
| 1     | 0   | 1   | 0   | 0   | 0   | GET    | /image/5529.jpg    | 0.004  | 0.004  | 0.004   | 0.004  | 0.004  | 0.004  | 0.004  | 0.000  | 117975.000  | 117975.000  | 117975.000  | 117975.000  |
| 1     | 0   | 1   | 0   | 0   | 0   | GET    | /image/4100.jpg    | 0.004  | 0.004  | 0.004   | 0.004  | 0.004  | 0.004  | 0.004  | 0.000  | 100715.000  | 100715.000  | 100715.000  | 100715.000  |
| 2     | 0   | 2   | 0   | 0   | 0   | GET    | /image/9985.jpg    | 0.004  | 0.004  | 0.004   | 0.002  | 0.004  | 0.004  | 0.004  | 0.002  | 83371.000   | 83371.000   | 166742.000  | 83371.000   |
| 1     | 0   | 1   | 0   | 0   | 0   | GET    | /image/5498.jpg    | 0.004  | 0.004  | 0.004   | 0.004  | 0.004  | 0.004  | 0.004  | 0.000  | 100051.000  | 100051.000  | 100051.000  | 100051.000  |
| 1     | 0   | 1   | 0   | 0   | 0   | GET    | /image/6764.jpg    | 0.004  | 0.004  | 0.004   | 0.004  | 0.004  | 0.004  | 0.004  | 0.000  | 61152.000   | 61152.000   | 61152.000   | 61152.000   |
| 1     | 0   | 1   | 0   | 0   | 0   | GET    | /image/287.jpg     | 0.004  | 0.004  | 0.004   | 0.004  | 0.004  | 0.004  | 0.004  | 0.000  | 119280.000  | 119280.000  | 119280.000  | 119280.000  |
| 2     | 0   | 2   | 0   | 0   | 0   | GET    | /image/9987.jpg    | 0.000  | 0.004  | 0.004   | 0.002  | 0.004  | 0.004  | 0.004  | 0.002  | 367783.000  | 367791.000  | 735574.000  | 367787.000  |
| 1     | 0   | 1   | 0   | 0   | 0   | GET    | /image/8629.jpg    | 0.004  | 0.004  | 0.004   | 0.004  | 0.004  | 0.004  | 0.004  | 0.000  | 92639.000   | 92639.000   | 92639.000   | 92639.000   |
| 1     | 0   | 1   | 0   | 0   | 0   | GET    | /image/8139.jpg    | 0.004  | 0.004  | 0.004   | 0.004  | 0.004  | 0.004  | 0.004  | 0.000  | 88457.000   | 88457.000   | 88457.000   | 88457.000   |
| 1     | 0   | 1   | 0   | 0   | 0   | GET    | /image/5686.jpg    | 0.004  | 0.004  | 0.004   | 0.004  | 0.004  | 0.004  | 0.004  | 0.000  | 248799.000  | 248799.000  | 248799.000  | 248799.000  |
| 4     | 0   | 4   | 0   | 0   | 0   | GET    | /image/9990.jpg    | 0.000  | 0.004  | 0.004   | 0.001  | 0.004  | 0.004  | 0.004  | 0.002  | 102456.000  | 102485.000  | 409860.000  | 102465.000  |
| 1     | 0   | 1   | 0   | 0   | 0   | GET    | /image/4173.jpg    | 0.004  | 0.004  | 0.004   | 0.004  | 0.004  | 0.004  | 0.004  | 0.000  | 109041.000  | 109041.000  | 109041.000  | 109041.000  |
| 1     | 0   | 1   | 0   | 0   | 0   | GET    | /image/2850.jpg    | 0.004  | 0.004  | 0.004   | 0.004  | 0.004  | 0.004  | 0.004  | 0.000  | 124567.000  | 124567.000  | 124567.000  | 124567.000  |
| 2     | 0   | 2   | 0   | 0   | 0   | GET    | /image/9989.jpg    | 0.004  | 0.004  | 0.004   | 0.002  | 0.004  | 0.004  | 0.004  | 0.002  | 107583.000  | 107591.000  | 215174.000  | 107587.000  |
| 1     | 0   | 1   | 0   | 0   | 0   | GET    | /image/2636.gif    | 0.004  | 0.004  | 0.004   | 0.004  | 0.004  | 0.004  | 0.004  | 0.000  | 580993.000  | 580993.000  | 580993.000  | 580993.000  |
| 1     | 0   | 1   | 0   | 0   | 0   | GET    | /image/2020.jpg    | 0.004  | 0.004  | 0.004   | 0.004  | 0.004  | 0.004  | 0.004  | 0.000  | 80529.000   | 80529.000   | 80529.000   | 80529.000   |
| 1     | 0   | 1   | 0   | 0   | 0   | GET    | /image/1500.jpg    | 0.004  | 0.004  | 0.004   | 0.004  | 0.004  | 0.004  | 0.004  | 0.000  | 123529.000  | 123529.000  | 123529.000  | 123529.000  |
| 1     | 0   | 1   | 0   | 0   | 0   | GET    | /image/1184.jpg    | 0.004  | 0.004  | 0.004   | 0.004  | 0.004  | 0.004  | 0.004  | 0.000  | 84156.000   | 84156.000   | 84156.000   | 84156.000   |
| 1     | 0   | 1   | 0   | 0   | 0   | GET    | /image/858.jpg     | 0.004  | 0.004  | 0.004   | 0.004  | 0.004  | 0.004  | 0.004  | 0.000  | 103476.000  | 103476.000  | 103476.000  | 103476.000  |
| 1     | 0   | 1   | 0   | 0   | 0   | GET    | /image/2507.jpg    | 0.000  | 0.000  | 0.000   | 0.000  | 0.000  | 0.000  | 0.000  | 0.000  | 57394.000   | 57394.000   | 57394.000   | 57394.000   |
| 2     | 0   | 2   | 0   | 0   | 0   | GET    | /image/9988.jpg    | 0.000  | 0.000  | 0.000   | 0.000  | 0.000  | 0.000  | 0.000  | 0.000  | 111640.000  | 111646.000  | 223286.000  | 111643.000  |
| 1     | 0   | 1   | 0   | 0   | 0   | GET    | /image/2812.jpg    | 0.000  | 0.000  | 0.000   | 0.000  | 0.000  | 0.000  | 0.000  | 0.000  | 107323.000  | 107323.000  | 107323.000  | 107323.000  |
| 1     | 0   | 1   | 0   | 0   | 0   | GET    | /image/4592.jpg    | 0.000  | 0.000  | 0.000   | 0.000  | 0.000  | 0.000  | 0.000  | 0.000  | 109821.000  | 109821.000  | 109821.000  | 109821.000  |
| 2     | 0   | 2   | 0   | 0   | 0   | GET    | /image/9991.jpg    | 0.000  | 0.000  | 0.000   | 0.000  | 0.000  | 0.000  | 0.000  | 0.000  | 153644.000  | 153644.000  | 307288.000  | 153644.000  |
| 2     | 0   | 2   | 0   | 0   | 0   | GET    | /image/9986.jpg    | 0.000  | 0.000  | 0.000   | 0.000  | 0.000  | 0.000  | 0.000  | 0.000  | 86716.000   | 86716.000   | 173432.000  | 86716.000   |
| 1     | 0   | 1   | 0   | 0   | 0   | GET    | /image/2145.jpg    | 0.000  | 0.000  | 0.000   | 0.000  | 0.000  | 0.000  | 0.000  | 0.000  | 324515.000  | 324515.000  | 324515.000  | 324515.000  |
| 1     | 0   | 1   | 0   | 0   | 0   | GET    | /image/6482.jpg    | 0.000  | 0.000  | 0.000   | 0.000  | 0.000  | 0.000  | 0.000  | 0.000  | 87347.000   | 87347.000   | 87347.000   | 87347.000   |
| 1     | 0   | 0   | 1   | 0   | 0   | GET    | /logout            | 0.000  | 0.000  | 0.000   | 0.000  | 0.000  | 0.000  | 0.000  | 0.000  | 24.000      | 24.000      | 24.000      | 24.000      |
| 1     | 0   | 1   | 0   | 0   | 0   | GET    | /image/4799.jpg    | 0.000  | 0.000  | 0.000   | 0.000  | 0.000  | 0.000  | 0.000  | 0.000  | 96833.000   | 96833.000   | 96833.000   | 96833.000   |
| 2     | 0   | 2   | 0   | 0   | 0   | GET    | /image/9983.jpg    | 0.000  | 0.000  | 0.000   | 0.000  | 0.000  | 0.000  | 0.000  | 0.000  | 98174.000   | 98174.000   | 196348.000  | 98174.000   |
| 1     | 0   | 1   | 0   | 0   | 0   | GET    | /image/618.jpg     | 0.000  | 0.000  | 0.000   | 0.000  | 0.000  | 0.000  | 0.000  | 0.000  | 65283.000   | 65283.000   | 65283.000   | 65283.000   |
| 2     | 0   | 2   | 0   | 0   | 0   | GET    | /image/9993.jpg    | 0.000  | 0.000  | 0.000   | 0.000  | 0.000  | 0.000  | 0.000  | 0.000  | 85638.000   | 85653.000   | 171291.000  | 85645.500   |
| 2     | 0   | 2   | 0   | 0   | 0   | GET    | /image/9982.jpg    | 0.000  | 0.000  | 0.000   | 0.000  | 0.000  | 0.000  | 0.000  | 0.000  | 150045.000  | 150053.000  | 300098.000  | 150049.000  |
| 2     | 0   | 2   | 0   | 0   | 0   | GET    | /image/9981.jpg    | 0.000  | 0.000  | 0.000   | 0.000  | 0.000  | 0.000  | 0.000  | 0.000  | 81485.000   | 81485.000   | 162970.000  | 81485.000   |
| 2     | 0   | 2   | 0   | 0   | 0   | GET    | /image/9996.jpg    | 0.000  | 0.000  | 0.000   | 0.000  | 0.000  | 0.000  | 0.000  | 0.000  | 375209.000  | 375224.000  | 750433.000  | 375216.500  |
| 2     | 0   | 2   | 0   | 0   | 0   | GET    | /image/9997.jpg    | 0.000  | 0.000  | 0.000   | 0.000  | 0.000  | 0.000  | 0.000  | 0.000  | 176607.000  | 176607.000  | 353214.000  | 176607.000  |
| 2     | 0   | 2   | 0   | 0   | 0   | GET    | /image/9998.jpg    | 0.000  | 0.000  | 0.000   | 0.000  | 0.000  | 0.000  | 0.000  | 0.000  | 61731.000   | 61732.000   | 123463.000  | 61731.500   |
| 2     | 0   | 2   | 0   | 0   | 0   | GET    | /image/9999.jpg    | 0.000  | 0.000  | 0.000   | 0.000  | 0.000  | 0.000  | 0.000  | 0.000  | 90020.000   | 90027.000   | 180047.000  | 90023.500   |
| 10    | 0   | 10  | 0   | 0   | 0   | GET    | /css/style.css     | 0.000  | 0.000  | 0.000   | 0.000  | 0.000  | 0.000  | 0.000  | 0.000  | 1549.000    | 1549.000    | 15490.000   | 1549.000    |
| 10    | 0   | 10  | 0   | 0   | 0   | GET    | /js/timeago.min.js | 0.000  | 0.000  | 0.000   | 0.000  | 0.000  | 0.000  | 0.000  | 0.000  | 1915.000    | 1915.000    | 19150.000   | 1915.000    |
| 2     | 0   | 2   | 0   | 0   | 0   | GET    | /image/9980.jpg    | 0.000  | 0.000  | 0.000   | 0.000  | 0.000  | 0.000  | 0.000  | 0.000  | 96011.000   | 96011.000   | 192022.000  | 96011.000   |
+-------+-----+-----+-----+-----+-----+--------+--------------------+--------+--------+---------+--------+--------+--------+--------+--------+-------------+-------------+-------------+-------------+
